I,K,instance, so_assignment, so_misplace, so_obj, best_assign, worst_assign, best_misplace, worst_misplace, best, worst, time_best, time_worst, worst_lb, worst_ub, gap, time_bound
20,4,3,72836,2614,72836,77479,93830,332,713,77479,93830,5375,52666,88565,93830,0.0561121,833
20,4,3,72836,789,73625,77479,93830,332,713,77811,94386,5708,687084,89278,94543,0.0557816,750
20,4,3,72921,704,74329,77479,93830,332,713,78143,94942,5375,32417,89991,95256,0.0554549,708
20,4,3,72935,697,75026,77479,93830,332,713,78475,95498,4875,30417,90704,95969,0.055132,583
20,4,3,72935,697,75723,77479,93830,332,713,78807,96054,5500,30583,91417,96682,0.0548129,458
20,4,3,73199,631,76354,77479,93830,332,713,79139,96610,5208,31167,92130,97395,0.0544975,583
20,4,3,73367,603,76985,77479,93830,332,713,79471,97166,4667,84375,92843,98108,0.0541856,750
20,4,3,73463,587,77572,77479,93830,332,713,79803,97722,5084,127500,93556,98821,0.0538773,625
20,4,3,73463,587,78159,77479,93830,332,713,80135,98278,10292,284333,94269,99534,0.0535725,1291
20,4,3,73463,587,78746,77479,93830,332,713,80467,98834,10667,177084,94982,100247,0.0532711,1292
20,4,3,73949,533,79279,77479,93830,332,713,80799,99390,4875,30750,95695,100960,0.0529731,916
20,4,3,74359,492,79771,77479,93830,332,713,81131,99946,5291,31208,96408,101673,0.0526784,542
20,4,3,74359,492,80263,77479,93830,332,713,81463,100502,4833,29750,97121,102386,0.052387,709
20,4,3,74359,492,80755,77479,93830,332,713,81795,101058,5125,30959,97834,103099,0.0520988,541
20,4,3,75074,437,81192,77479,93830,332,713,82127,101614,4833,28208,98547,103812,0.0518137,458
20,4,3,75074,437,81629,77479,93830,332,713,82459,102170,4958,32166,99260,104525,0.0515318,583
20,4,3,75074,437,82066,77479,93830,332,713,82791,102726,5125,32375,99973,105238,0.0512528,583
20,4,3,75074,437,82503,77479,93830,332,713,83123,103282,10458,58459,100686,105951,0.0509769,1709
20,4,3,75074,437,82940,77479,93830,332,713,83455,103838,29875,56875,101399,106664,0.050704,1750
20,4,3,75470,415,83355,77479,93830,332,713,83787,104394,5125,32167,102112,107377,0.0504339,708
20,4,3,75470,415,83770,77479,93830,332,713,84119,104950,10417,57458,102825,108090,0.0501667,1292
20,4,3,75470,415,84185,77479,93830,332,713,84451,105506,21208,59708,103538,108803,0.0499024,1125
20,4,3,75470,415,84600,77479,93830,332,713,84783,106062,5542,32541,104251,109516,0.0496408,666
20,4,3,75470,415,85015,77479,93830,332,713,85115,106618,10584,59458,104964,110229,0.0493819,1125
20,4,3,76229,382,85397,77479,93830,332,713,85447,107174,5334,44625,105677,110942,0.0491257,833
20,4,3,76229,382,85779,77479,93830,332,713,85779,107730,10500,58000,106390,111655,0.0488722,1292
20,4,3,77479,332,86111,77479,93830,332,713,86111,108286,4916,31542,107103,112368,0.0486212,542
20,4,3,77479,332,86443,77479,93830,332,713,86443,108842,4542,38208,107816,113081,0.0483729,666
20,4,3,77479,332,86775,77479,93830,332,713,86775,109398,10333,57042,108529,113794,0.048127,1208
20,4,3,77479,332,87107,77479,93830,332,713,87107,109954,4625,28791,109242,114507,0.0478837,542
20,4,3,77479,332,87439,77479,93830,332,713,87439,110510,4958,29500,109955,115220,0.0476427,625
20,4,3,77479,332,87771,77479,93830,332,713,87771,111066,4542,27875,110668,115933,0.0474042,500
20,4,3,77479,332,88103,77479,93830,332,713,88103,111622,22417,56375,111381,116646,0.0471681,1292
20,4,3,77479,332,88435,77479,93830,332,713,88435,112178,4667,58458,112094,117359,0.0469343,1333
20,4,3,77479,332,88767,77479,93830,332,713,88767,112807,5291,32708,112807,118072,0.0466726,750
20,4,3,77479,332,89099,77479,93830,332,713,89099,113520,5083,29375,113520,118785,0.0463795,417
20,4,3,77479,332,89431,77479,93830,332,713,89431,114233,4583,27375,114233,119498,0.04609,625
20,4,3,77479,332,89763,77479,93830,332,713,89763,114946,4917,28167,114946,120211,0.0458041,542
20,4,3,77479,332,90095,77479,93830,332,713,90095,115659,11292,63709,115659,120924,0.0455217,1167
20,4,3,77479,332,90427,77479,93830,332,713,90427,116372,5000,34208,116372,121637,0.0452428,583
20,4,3,77479,332,90759,77479,93830,332,713,90759,117085,10500,56416,117085,122350,0.0449673,1291
20,4,3,77479,332,91091,77479,93830,332,713,91091,117798,5291,39333,117798,123063,0.0446952,666
20,4,3,77479,332,91423,77479,93830,332,713,91423,118511,4541,30750,118511,123776,0.0444263,583
20,4,3,77479,332,91755,77479,93830,332,713,91755,119224,5041,30500,119224,124489,0.0441606,625
20,4,3,77479,332,92087,77479,93830,332,713,92087,119937,4667,27625,119937,125202,0.043898,416
20,4,3,77479,332,92419,77479,93830,332,713,92419,120650,5208,29083,120650,125915,0.0436386,417
20,4,3,77479,332,92751,77479,93830,332,713,92751,121363,10416,83916,121363,126628,0.0433822,1166
20,4,3,77479,332,93083,77479,93830,332,713,93083,122076,4959,30458,122076,127341,0.0431289,500
20,4,3,77479,332,93415,77479,93830,332,713,93415,122789,4833,29875,122789,128054,0.0428784,542
20,4,3,77479,332,93747,77479,93830,332,713,93747,123502,4500,28291,123502,128767,0.0426309,584
20,4,3,77479,332,94079,77479,93830,332,713,94079,124215,10833,57375,124215,129480,0.0423862,1292
20,4,3,77479,332,94411,77479,93830,332,713,94411,124928,5417,29500,124928,130193,0.0421443,541
20,4,3,77479,332,94743,77479,93830,332,713,94743,125641,10875,56333,125641,130906,0.0419051,1209
20,4,3,77479,332,95075,77479,93830,332,713,95075,126354,10542,65334,126354,131619,0.0416686,1208
20,4,3,77479,332,95407,77479,93830,332,713,95407,127067,4792,30834,127067,132332,0.0414348,625
20,4,3,77479,332,95739,77479,93830,332,713,95739,127780,5333,30375,127780,133045,0.0412036,542
20,4,3,77479,332,96071,77479,93830,332,713,96071,128493,5000,90917,128493,133758,0.040975,29708
20,4,3,77479,332,96403,77479,93830,332,713,96403,129206,4666,30334,129206,134471,0.0407489,625
20,4,3,77479,332,96735,77479,93830,332,713,96735,129919,7083,32208,129919,135184,0.0405253,667
20,4,3,77479,332,97067,77479,93830,332,713,97067,130632,4458,29750,130632,135897,0.0403041,500
20,4,3,77479,332,97399,77479,93830,332,713,97399,131345,4875,29834,131345,136610,0.0400853,625
20,4,3,77479,332,97731,77479,93830,332,713,97731,132058,4458,27250,132058,137323,0.0398688,458
20,4,3,77479,332,98063,77479,93830,332,713,98063,132771,4542,29125,132771,138036,0.0396547,625
20,4,3,77479,332,98395,77479,93830,332,713,98395,133484,133666,146542,133484,138749,0.0394429,833
20,4,3,77479,332,98727,77479,93830,332,713,98727,134197,4917,30000,134197,139462,0.0392334,458
20,4,3,77479,332,99059,77479,93830,332,713,99059,134910,4583,29833,134910,140175,0.039026,584
20,4,3,77479,332,99391,77479,93830,332,713,99391,135623,10917,58709,135623,140888,0.0388208,1167
20,4,3,77479,332,99723,77479,93830,332,713,99723,136336,5000,30958,136336,141601,0.0386178,583
20,4,3,77479,332,100055,77479,93830,332,713,100055,137049,5083,31167,137049,142314,0.0384169,541
20,4,3,77479,332,100387,77479,93830,332,713,100387,137762,4667,33667,137762,143027,0.0382181,542
20,4,3,77479,332,100719,77479,93830,332,713,100719,138475,4958,31083,138475,143740,0.0380213,583
20,4,3,77479,332,101051,77479,93830,332,713,101051,139188,4792,28334,139188,144453,0.0378265,583
20,4,3,77479,332,101383,77479,93830,332,713,101383,139901,5417,29500,139901,145166,0.0376338,667
20,4,3,77479,332,101715,77479,93830,332,713,101715,140614,4708,31208,140614,145879,0.0374429,500
20,4,3,77479,332,102047,77479,93830,332,713,102047,141327,4542,27958,141327,146592,0.037254,458
20,4,3,77479,332,102379,77479,93830,332,713,102379,142040,4291,27667,142040,147305,0.037067,459
